PinskyRinzel:
  V_rest: -60.0
  V_threshold: -37.0
  Ltotal: 59.3800163269043
  cm_ratio: 10.277505874633789
  dend_beta_Caconc: 0.0669361799955368
  dend_d_Caconc: 17.952388763427734
  dend_g_pas: 0.00024276557087432593
  dend_gmax_Ca: 0.17674852907657623
  dend_gmax_KCa: 0.87812340259552
  e_pas: -62
  gc: 24.07415199279785
  global_cm: 3.0
  global_diam: 10.0
  ic_constant: 0.007034894544631243
  pp: 0.10509777814149857
  soma_g_pas: 0.003864491358399391
  soma_gmax_K: 0.0010000000474974513
  soma_gmax_Na: 0.8798558712005615  
